0.04152439
0.01516033
0.01471724
0.01426536
0.01352874
0.01298010
0.01304683
0.01312476
0.01245894
0.01217634
0.01202868
0.01189951
0.01178725
0.01160143
0.01149766
0.01136322
0.01119186
0.01103214
0.01095341
0.01074833
0.01061535
0.01041953
0.01024562
0.01002922
0.00986312
0.00965841
0.00944719
0.00945516
0.00912889
0.00895581
0.00878019
0.00859059
0.00846248
0.00841498
0.00816235
0.00802637
0.00789039
0.00773325
0.00760266
0.00750625
0.00741073
0.00723156
0.00716428
0.00706575
0.00695091
0.00687882
0.00675049
0.00664790
0.00658795
0.00649475
0.00640430
0.00628391
0.00617114
0.00619152
0.00608379
0.00598905
0.00593674
0.00587041
0.00581353
0.00575273
0.00566448
0.00564127
0.00553254
0.00549710
0.00544211
0.00536375
0.00530753
0.00524369
0.00518195
0.00517054
0.00511499
0.00507364
0.00499594
0.00494297
0.00497239
0.00488870
0.00482623
0.00481715
0.00478981
0.00472516
0.00466596
0.00463973
0.00457606
0.00456124
0.00459703
0.00449665
0.00447841
0.00443542
0.00440880
0.00439079
0.00430095
0.00432826
0.00423630
0.00425217
0.00424483
0.00422544
0.00416943
0.00414600
0.00410035
0.00409163
