0.09873269
0.03305448
0.02328575
0.01967374
0.01701263
0.01572585
0.01505800
0.01452512
0.01413071
0.01441772
0.01345080
0.01318916
0.01266860
0.01248349
0.01222212
0.01230758
0.01210017
0.01166019
0.01157912
0.01140277
0.01119942
0.01110026
0.01081898
0.01102496
0.01074486
0.01058147
0.01058041
0.01049269
0.01049583
0.01013131
0.01024857
0.00998440
0.00986598
0.00976601
0.00981767
0.00972887
0.00960073
0.00950719
0.00966573
0.00956870
0.00923849
0.00919716
0.00924665
0.00921065
0.00911525
0.00945183
0.00909683
0.00902722
0.00885910
0.00882340
0.00878369
0.00865083
0.00872513
0.00866304
0.00865457
0.00859944
0.00857424
0.00844487
0.00836064
0.00841130
0.00844705
0.00852682
0.00843375
0.00832330
0.00831777
0.00826992
0.00821479
0.00814740
0.00806945
0.00805580
0.00802819
0.00802639
0.00805891
0.00811558
0.00798380
0.00801729
0.00792798
0.00795381
0.00797033
0.00818081
0.00786735
0.00781028
0.00786536
0.00784203
0.00779069
0.00772539
0.00772147
0.00778740
0.00774998
0.00775179
0.00777080
0.00760666
0.00763203
0.00759929
0.00763629
0.00754627
0.00757273
0.00747280
0.00746582
0.00748147
